{
  "start_timestamp_ms": 786598059,
  "start_energy_kwh": 886.1900024,
  "target_timestamp_ms": 797398059,
  "target_energy_kwh": 901.1900024
}
